test_filename train_filename dist1 dist2 dist3 dist4 dist5
image137.jpg MB002.jpg 31309.867 31309.867 0.677 0.234 0.493
image137.jpg MB003.jpg 18046.339 18046.339 0.871 0.132 0.642
image137.jpg MB004.jpg 26157.961 26157.961 0.717 0.213 0.525
image137.jpg MB005.jpg 30647.052 30647.052 0.637 0.213 0.520
image137.jpg MB006.jpg 26808.446 26808.446 0.722 0.210 0.525
image137.jpg MB007.jpg 29548.395 29548.395 0.667 0.236 0.492
image137.jpg MB008.jpg 31448.351 31448.351 0.637 0.233 0.483
image137.jpg MB009.jpg 30320.983 30320.983 0.692 0.225 0.502
image137.jpg MB010.jpg 29839.256 29839.256 0.697 0.232 0.505
image137.jpg MB011.jpg 31798.916 31798.916 0.670 0.235 0.491
image137.jpg MB012.jpg 28819.579 28819.579 0.685 0.232 0.500
image137.jpg ML002.jpg 12384.692 12384.692 0.884 0.059 0.742
image137.jpg ML003.jpg 10063.249 10063.249 0.926 0.047 0.804
image137.jpg ML004.jpg 13812.549 13812.549 0.845 0.094 0.685
image137.jpg ML005.jpg 12378.124 12378.124 0.879 0.065 0.737
image137.jpg ML006.jpg 11147.469 11147.469 0.915 0.062 0.775
image137.jpg ML007.jpg 12481.613 12481.613 0.888 0.071 0.705
image137.jpg ML008.jpg 18757.195 18757.195 0.689 0.165 0.567
image137.jpg ML009.jpg 12350.894 12350.894 0.899 0.061 0.741
image137.jpg ML010.jpg 11356.718 11356.718 0.895 0.057 0.743
image137.jpg ML011.jpg 15789.171 15789.171 0.785 0.111 0.655
image137.jpg ML012.jpg 12607.144 12607.144 0.895 0.063 0.754
image137.jpg ML013.jpg 12200.741 12200.741 0.884 0.064 0.728
image137.jpg ML014.jpg 12499.641 12499.641 0.871 0.076 0.702
image137.jpg ML015.jpg 11631.995 11631.995 0.899 0.054 0.767
image137.jpg ML016.jpg 12366.169 12366.169 0.907 0.059 0.782
image137.jpg WL001.jpg 9160.247 9160.247 0.961 0.036 0.831
image137.jpg WL002.jpg 13859.906 13859.906 0.866 0.057 0.747
image137.jpg WL004.jpg 9823.300 9823.300 0.947 0.040 0.811
image137.jpg WL005.jpg 9108.432 9108.432 0.949 0.038 0.821
image137.jpg WL006.jpg 15220.053 15220.053 0.830 0.068 0.712
image137.jpg WL007.jpg 7719.481 7719.481 0.962 0.037 0.837
image137.jpg WL008.jpg 7526.627 7526.627 0.973 0.025 0.855
image137.jpg WL009.jpg 8466.306 8466.306 0.953 0.038 0.820
image137.jpg WL010.jpg 10987.674 10987.674 0.934 0.068 0.764
image137.jpg WL011.jpg 19685.054 19685.054 0.791 0.106 0.648
image137.jpg WL012.jpg 6987.847 6987.847 0.969 0.026 0.847
image137.jpg WL013.jpg 7657.987 7657.987 0.965 0.031 0.836
image137.jpg WL014.jpg 8348.360 8348.360 0.957 0.036 0.823
image137.jpg WL015.jpg 11019.426 11019.426 0.896 0.067 0.760
image137.jpg WL016.jpg 15011.399 15011.399 0.828 0.083 0.692
MB008.jpg image003.jpg 31070.434 31070.434 0.647 0.198 0.503
MB008.jpg image004.jpg 30833.205 30833.205 0.654 0.183 0.521
MB008.jpg image005.jpg 32145.589 32145.589 0.616 0.196 0.509
MB008.jpg image006.jpg 34416.918 34416.918 0.540 0.272 0.429
MB008.jpg image008.jpg 33088.376 33088.376 0.587 0.230 0.473
MB008.jpg image009.jpg 22244.586 22244.586 0.867 0.122 0.633
MB008.jpg image010.jpg 38028.766 38028.766 0.397 0.394 0.360
MB008.jpg image011.jpg 36487.489 36487.489 0.459 0.345 0.407
MB008.jpg image012.jpg 33569.135 33569.135 0.569 0.232 0.461
MB008.jpg image013.jpg 33161.750 33161.750 0.582 0.229 0.473
MB008.jpg image014.jpg 34236.601 34236.601 0.544 0.242 0.464
MB008.jpg image015.jpg 29397.227 29397.227 0.694 0.174 0.535
MB008.jpg image016.jpg 33090.575 33090.575 0.585 0.230 0.469
MB008.jpg image017.jpg 31548.941 31548.941 0.633 0.204 0.496
MB008.jpg image019.jpg 35970.910 35970.910 0.479 0.340 0.393
MB008.jpg image020.jpg 36282.946 36282.946 0.468 0.355 0.388
MB008.jpg image021.jpg 32499.561 32499.561 0.603 0.189 0.509
MB008.jpg image022.jpg 35290.639 35290.639 0.527 0.244 0.464
MB008.jpg image023.jpg 33658.377 33658.377 0.567 0.223 0.480
MB008.jpg image027.jpg 31632.514 31632.514 0.630 0.212 0.496
MB008.jpg image030.jpg 21744.735 21744.735 0.860 0.115 0.650
MB008.jpg image031.jpg 32441.187 32441.187 0.605 0.216 0.490
MB008.jpg image032.jpg 33137.165 33137.165 0.582 0.261 0.452
MB008.jpg image033.jpg 35507.761 35507.761 0.507 0.280 0.425
MB008.jpg image035.jpg 36423.358 36423.358 0.459 0.354 0.385
MB008.jpg image036.jpg 37217.304 37217.304 0.428 0.375 0.377
MB008.jpg image037.jpg 35114.575 35114.575 0.521 0.254 0.443
MB008.jpg image038.jpg 28656.638 28656.638 0.712 0.155 0.560
MB008.jpg image039.jpg 31875.514 31875.514 0.623 0.218 0.487
MB008.jpg image040.jpg 33360.954 33360.954 0.575 0.241 0.465
MB008.jpg image042.jpg 19820.269 19820.269 0.904 0.094 0.680
MB008.jpg image043.jpg 33785.979 33785.979 0.560 0.224 0.475
MB008.jpg image044.jpg 36957.765 36957.765 0.441 0.371 0.364
MB008.jpg image048.jpg 38550.648 38550.648 0.378 0.413 0.358
MB008.jpg image049.jpg 35465.647 35465.647 0.497 0.296 0.418
MB008.jpg image050.jpg 36357.462 36357.462 0.486 0.269 0.438
MB008.jpg image051.jpg 35675.852 35675.852 0.484 0.295 0.411
MB008.jpg image052.jpg 28821.392 28821.392 0.716 0.195 0.522
MB008.jpg image054.jpg 34071.227 34071.227 0.555 0.236 0.464
MB008.jpg image055.jpg 31823.137 31823.137 0.625 0.211 0.494
MB008.jpg image056.jpg 29461.142 29461.142 0.695 0.185 0.521
MB008.jpg image057.jpg 36007.557 36007.557 0.487 0.302 0.416
MB008.jpg image058.jpg 37421.151 37421.151 0.432 0.297 0.414
MB008.jpg image059.jpg 29989.436 29989.436 0.677 0.165 0.543
MB008.jpg image060.jpg 36850.239 36850.239 0.464 0.311 0.410
MB008.jpg image061.jpg 29595.826 29595.826 0.692 0.191 0.525
MB008.jpg image062.jpg 36334.776 36334.776 0.469 0.308 0.407
MB008.jpg image063.jpg 36085.144 36085.144 0.476 0.310 0.407
MB008.jpg image064.jpg 34338.655 34338.655 0.541 0.272 0.436
MB008.jpg image065.jpg 34795.165 34795.165 0.524 0.276 0.439
MB008.jpg image066.jpg 26895.165 26895.165 0.764 0.159 0.556
MB008.jpg image068.jpg 37815.781 37815.781 0.400 0.342 0.387
MB008.jpg image071.jpg 28901.713 28901.713 0.706 0.160 0.555
MB008.jpg image072.jpg 31546.097 31546.097 0.633 0.215 0.491
MB008.jpg image075.jpg 30729.747 30729.747 0.657 0.177 0.531
MB008.jpg image076.jpg 30594.640 30594.640 0.660 0.184 0.527
MB008.jpg image077.jpg 35081.004 35081.004 0.510 0.304 0.412
MB008.jpg image079.jpg 12821.010 12821.010 0.976 0.045 0.795
MB008.jpg image080.jpg 34280.498 34280.498 0.545 0.252 0.451
MB008.jpg image082.jpg 19689.163 19689.163 0.906 0.085 0.677
MB008.jpg image083.jpg 27827.735 27827.735 0.738 0.149 0.570
MB008.jpg image084.jpg 36044.399 36044.399 0.477 0.323 0.395
MB008.jpg image085.jpg 30552.831 30552.831 0.662 0.180 0.525
MB008.jpg image086.jpg 34630.800 34630.800 0.533 0.263 0.436
MB008.jpg image087.jpg 23788.217 23788.217 0.834 0.122 0.630
MB008.jpg image090.jpg 25624.285 25624.285 0.795 0.146 0.588
MB008.jpg image091.jpg 35084.669 35084.669 0.512 0.289 0.432
MB008.jpg image092.jpg 23314.903 23314.903 0.836 0.117 0.628
MB008.jpg image093.jpg 23920.380 23920.380 0.834 0.116 0.643
MB008.jpg image094.jpg 33113.818 33113.818 0.584 0.225 0.486
MB008.jpg image099.jpg 19771.804 19771.804 0.901 0.104 0.666
MB008.jpg image101.jpg 35051.162 35051.162 0.511 0.304 0.419
MB008.jpg image103.jpg 31973.634 31973.634 0.620 0.192 0.508
MB008.jpg image106.jpg 28184.504 28184.504 0.732 0.166 0.555
MB008.jpg image109.jpg 24831.043 24831.043 0.797 0.101 0.634
MB008.jpg image110.jpg 32841.520 32841.520 0.610 0.215 0.481
MB008.jpg image111.jpg 29750.869 29750.869 0.683 0.165 0.545
MB008.jpg image112.jpg 29190.949 29190.949 0.702 0.173 0.543
MB008.jpg image115.jpg 31837.729 31837.729 0.624 0.219 0.487
MB008.jpg image117.jpg 17720.596 17720.596 0.936 0.071 0.731
MB008.jpg image121.jpg 36118.742 36118.742 0.500 0.263 0.447
MB008.jpg image125.jpg 37258.049 37258.049 0.426 0.369 0.378
MB008.jpg image126.jpg 32215.994 32215.994 0.613 0.187 0.525
MB008.jpg image127.jpg 32666.719 32666.719 0.598 0.208 0.492
MB008.jpg image128.jpg 36403.428 36403.428 0.485 0.262 0.438
MB008.jpg image129.jpg 34876.879 34876.879 0.520 0.299 0.410
MB008.jpg image131.jpg 35360.605 35360.605 0.498 0.315 0.412
MB008.jpg image132.jpg 36551.712 36551.712 0.477 0.280 0.424
MB008.jpg image134.jpg 30922.345 30922.345 0.651 0.172 0.535
MB008.jpg image135.jpg 36280.726 36280.726 0.487 0.274 0.427
MB008.jpg image136.jpg 31838.507 31838.507 0.624 0.215 0.492
MB008.jpg image137.jpg 31448.351 31448.351 0.637 0.233 0.483
MB008.jpg image138.jpg 35203.610 35203.610 0.506 0.309 0.414
MB008.jpg image139.jpg 34252.507 34252.507 0.549 0.238 0.465
MB008.jpg image140.jpg 33569.420 33569.420 0.569 0.228 0.473
MB008.jpg ML002.jpg 37196.938 37196.938 0.453 0.290 0.407
MB008.jpg ML003.jpg 32105.520 32105.520 0.617 0.212 0.476
MB008.jpg ML004.jpg 36733.307 36733.307 0.461 0.306 0.394
MB008.jpg ML005.jpg 36881.680 36881.680 0.459 0.289 0.410
MB008.jpg ML006.jpg 33461.385 33461.385 0.579 0.206 0.475
MB008.jpg ML007.jpg 37502.407 37502.407 0.447 0.318 0.399
MB008.jpg ML008.jpg 41242.687 41242.687 0.265 0.473 0.314
MB008.jpg ML009.jpg 36777.522 36777.522 0.479 0.258 0.425
MB008.jpg ML010.jpg 37182.382 37182.382 0.445 0.338 0.372
MB008.jpg ML011.jpg 39840.020 39840.020 0.331 0.431 0.329
MB008.jpg ML012.jpg 35639.559 35639.559 0.515 0.225 0.460
MB008.jpg ML013.jpg 36995.466 36995.466 0.457 0.300 0.398
MB008.jpg ML014.jpg 36784.973 36784.973 0.457 0.334 0.374
MB008.jpg ML015.jpg 35411.717 35411.717 0.513 0.248 0.435
MB008.jpg ML016.jpg 34702.270 34702.270 0.548 0.237 0.445
MB008.jpg WL001.jpg 32970.076 32970.076 0.600 0.207 0.501
MB008.jpg WL002.jpg 19193.401 19193.401 0.912 0.098 0.661
MB008.jpg WL004.jpg 32987.942 32987.942 0.597 0.210 0.495
MB008.jpg WL005.jpg 33765.611 33765.611 0.571 0.219 0.479
MB008.jpg WL006.jpg 18608.724 18608.724 0.927 0.089 0.672
MB008.jpg WL007.jpg 32526.030 32526.030 0.605 0.215 0.484
MB008.jpg WL008.jpg 32036.561 32036.561 0.623 0.204 0.496
MB008.jpg WL009.jpg 32126.371 32126.371 0.617 0.226 0.480
MB008.jpg WL010.jpg 25164.661 25164.661 0.789 0.101 0.631
MB008.jpg WL011.jpg 13081.394 13081.394 0.963 0.049 0.775
MB008.jpg WL012.jpg 32029.170 32029.170 0.620 0.211 0.492
MB008.jpg WL013.jpg 31469.366 31469.366 0.636 0.208 0.492
MB008.jpg WL014.jpg 31645.141 31645.141 0.631 0.214 0.488
MB008.jpg WL015.jpg 35253.285 35253.285 0.508 0.317 0.408
MB008.jpg WL016.jpg 19508.346 19508.346 0.919 0.077 0.685
ML013.jpg image003.jpg 9797.038 9797.038 0.928 0.039 0.786
ML013.jpg image004.jpg 10000.733 10000.733 0.927 0.046 0.771
ML013.jpg image005.jpg 9938.057 9938.057 0.931 0.043 0.780
ML013.jpg image006.jpg 6470.960 6470.960 0.969 0.017 0.865
ML013.jpg image008.jpg 9260.918 9260.918 0.938 0.038 0.811
ML013.jpg image009.jpg 19392.428 19392.428 0.725 0.111 0.614
ML013.jpg image010.jpg 11451.048 11451.048 0.898 0.049 0.783
ML013.jpg image011.jpg 12540.247 12540.247 0.876 0.062 0.734
ML013.jpg image012.jpg 6902.363 6902.363 0.964 0.024 0.846
ML013.jpg image013.jpg 8627.358 8627.358 0.944 0.034 0.817
ML013.jpg image014.jpg 11089.992 11089.992 0.905 0.048 0.780
ML013.jpg image015.jpg 11303.802 11303.802 0.907 0.050 0.757
ML013.jpg image016.jpg 8874.785 8874.785 0.941 0.036 0.797
ML013.jpg image017.jpg 9531.086 9531.086 0.932 0.039 0.786
ML013.jpg image019.jpg 9422.075 9422.075 0.933 0.034 0.822
ML013.jpg image020.jpg 11839.444 11839.444 0.891 0.056 0.752
ML013.jpg image021.jpg 8987.663 8987.663 0.939 0.042 0.782
ML013.jpg image022.jpg 10837.212 10837.212 0.924 0.049 0.764
ML013.jpg image023.jpg 8047.623 8047.623 0.952 0.032 0.827
ML013.jpg image027.jpg 10122.399 10122.399 0.925 0.045 0.778
ML013.jpg image030.jpg 22652.944 22652.944 0.660 0.145 0.564
ML013.jpg image031.jpg 9280.067 9280.067 0.935 0.037 0.807
ML013.jpg image032.jpg 9363.298 9363.298 0.933 0.039 0.792
ML013.jpg image033.jpg 9024.866 9024.866 0.940 0.040 0.808
ML013.jpg image035.jpg 9940.802 9940.802 0.926 0.035 0.814
ML013.jpg image036.jpg 13366.360 13366.360 0.858 0.063 0.726
ML013.jpg image037.jpg 8347.547 8347.547 0.949 0.032 0.815
ML013.jpg image038.jpg 11709.175 11709.175 0.905 0.053 0.753
ML013.jpg image039.jpg 9863.109 9863.109 0.925 0.042 0.768
ML013.jpg image040.jpg 10650.226 10650.226 0.913 0.059 0.749
ML013.jpg image042.jpg 20214.190 20214.190 0.714 0.122 0.592
ML013.jpg image043.jpg 8084.212 8084.212 0.951 0.035 0.806
ML013.jpg image044.jpg 9284.973 9284.973 0.935 0.037 0.804
ML013.jpg image048.jpg 14561.733 14561.733 0.831 0.064 0.748
ML013.jpg image049.jpg 8664.683 8664.683 0.945 0.034 0.812
ML013.jpg image050.jpg 8502.768 8502.768 0.950 0.032 0.812
ML013.jpg image051.jpg 8560.299 8560.299 0.954 0.030 0.820
ML013.jpg image052.jpg 14593.558 14593.558 0.835 0.078 0.685
ML013.jpg image054.jpg 9000.457 9000.457 0.941 0.036 0.814
ML013.jpg image055.jpg 10721.922 10721.922 0.917 0.048 0.769
ML013.jpg image056.jpg 10960.685 10960.685 0.909 0.044 0.763
ML013.jpg image057.jpg 9247.540 9247.540 0.936 0.040 0.798
ML013.jpg image058.jpg 5644.496 5644.496 0.977 0.015 0.876
ML013.jpg image059.jpg 10740.011 10740.011 0.919 0.050 0.767
ML013.jpg image060.jpg 9334.780 9334.780 0.937 0.041 0.803
ML013.jpg image061.jpg 12116.343 12116.343 0.887 0.063 0.727
ML013.jpg image062.jpg 6768.687 6768.687 0.966 0.019 0.869
ML013.jpg image063.jpg 9652.748 9652.748 0.929 0.047 0.778
ML013.jpg image064.jpg 7816.041 7816.041 0.954 0.027 0.825
ML013.jpg image065.jpg 8314.647 8314.647 0.948 0.029 0.830
ML013.jpg image066.jpg 13136.807 13136.807 0.870 0.061 0.726
ML013.jpg image068.jpg 9043.421 9043.421 0.941 0.030 0.805
ML013.jpg image071.jpg 12052.566 12052.566 0.898 0.056 0.746
ML013.jpg image072.jpg 10302.506 10302.506 0.923 0.046 0.773
ML013.jpg image075.jpg 10741.219 10741.219 0.920 0.048 0.774
ML013.jpg image076.jpg 9999.913 9999.913 0.928 0.040 0.785
ML013.jpg image077.jpg 8942.662 8942.662 0.942 0.036 0.818
ML013.jpg image079.jpg 28205.715 28205.715 0.511 0.210 0.473
ML013.jpg image080.jpg 6469.718 6469.718 0.969 0.019 0.855
ML013.jpg image082.jpg 19678.567 19678.567 0.730 0.117 0.597
ML013.jpg image083.jpg 11669.303 11669.303 0.899 0.057 0.745
ML013.jpg image084.jpg 7317.870 7317.870 0.961 0.023 0.856
ML013.jpg image085.jpg 10155.759 10155.759 0.925 0.046 0.769
ML013.jpg image086.jpg 7877.186 7877.186 0.953 0.027 0.848
ML013.jpg image087.jpg 18513.967 18513.967 0.748 0.114 0.606
ML013.jpg image090.jpg 17733.520 17733.520 0.764 0.109 0.623
ML013.jpg image091.jpg 6958.031 6958.031 0.966 0.023 0.855
ML013.jpg image092.jpg 17394.881 17394.881 0.789 0.099 0.651
ML013.jpg image093.jpg 18837.575 18837.575 0.736 0.123 0.594
ML013.jpg image094.jpg 8729.703 8729.703 0.943 0.035 0.817
ML013.jpg image099.jpg 21084.025 21084.025 0.696 0.120 0.595
ML013.jpg image101.jpg 8763.054 8763.054 0.945 0.028 0.831
ML013.jpg image103.jpg 9603.437 9603.437 0.933 0.045 0.779
ML013.jpg image106.jpg 13841.177 13841.177 0.853 0.080 0.689
ML013.jpg image109.jpg 14883.009 14883.009 0.860 0.088 0.691
ML013.jpg image110.jpg 9441.378 9441.378 0.960 0.038 0.813
ML013.jpg image111.jpg 10746.270 10746.270 0.919 0.047 0.767
ML013.jpg image112.jpg 12757.979 12757.979 0.878 0.074 0.709
ML013.jpg image115.jpg 10111.266 10111.266 0.925 0.045 0.777
ML013.jpg image117.jpg 23956.190 23956.190 0.604 0.180 0.513
ML013.jpg image121.jpg 11580.024 11580.024 0.911 0.062 0.739
ML013.jpg image125.jpg 12849.156 12849.156 0.870 0.060 0.735
ML013.jpg image126.jpg 10945.643 10945.643 0.913 0.063 0.743
ML013.jpg image127.jpg 9275.827 9275.827 0.934 0.039 0.798
ML013.jpg image128.jpg 8288.115 8288.115 0.953 0.030 0.817
ML013.jpg image129.jpg 7983.877 7983.877 0.953 0.029 0.824
ML013.jpg image131.jpg 9043.000 9043.000 0.942 0.030 0.820
ML013.jpg image132.jpg 8429.986 8429.986 0.950 0.033 0.816
ML013.jpg image134.jpg 10539.518 10539.518 0.924 0.050 0.768
ML013.jpg image135.jpg 7969.713 7969.713 0.955 0.029 0.816
ML013.jpg image136.jpg 11577.603 11577.603 0.897 0.062 0.733
ML013.jpg image137.jpg 12200.741 12200.741 0.884 0.064 0.728
ML013.jpg image138.jpg 8285.840 8285.840 0.951 0.025 0.841
ML013.jpg image139.jpg 8296.112 8296.112 0.950 0.032 0.826
ML013.jpg image140.jpg 8757.253 8757.253 0.942 0.034 0.812
ML013.jpg MB002.jpg 36622.592 36622.592 0.506 0.296 0.410
ML013.jpg MB003.jpg 23014.504 23014.504 0.748 0.194 0.553
ML013.jpg MB004.jpg 31767.570 31767.570 0.546 0.285 0.427
ML013.jpg MB005.jpg 36498.844 36498.844 0.446 0.283 0.424
ML013.jpg MB006.jpg 31999.742 31999.742 0.564 0.268 0.436
ML013.jpg MB007.jpg 34971.510 34971.510 0.494 0.302 0.405
ML013.jpg MB008.jpg 36995.466 36995.466 0.457 0.300 0.398
ML013.jpg MB009.jpg 35606.235 35606.235 0.524 0.288 0.420
ML013.jpg MB010.jpg 34972.925 34972.925 0.536 0.285 0.423
ML013.jpg MB011.jpg 37136.905 37136.905 0.498 0.297 0.407
ML013.jpg MB012.jpg 34002.738 34002.738 0.522 0.286 0.417
ML013.jpg WL001.jpg 10789.792 10789.792 0.932 0.046 0.769
ML013.jpg WL002.jpg 20484.209 20484.209 0.711 0.106 0.625
ML013.jpg WL004.jpg 9714.412 9714.412 0.943 0.035 0.796
ML013.jpg WL005.jpg 9417.098 9417.098 0.942 0.036 0.794
ML013.jpg WL006.jpg 21673.176 21673.176 0.668 0.125 0.591
ML013.jpg WL007.jpg 9741.036 9741.036 0.934 0.038 0.791
ML013.jpg WL008.jpg 11302.947 11302.947 0.919 0.050 0.762
ML013.jpg WL009.jpg 9613.950 9613.950 0.936 0.035 0.802
ML013.jpg WL010.jpg 14737.733 14737.733 0.865 0.095 0.688
ML013.jpg WL011.jpg 25961.952 25961.952 0.619 0.178 0.525
ML013.jpg WL012.jpg 9787.590 9787.590 0.933 0.039 0.794
ML013.jpg WL013.jpg 10378.973 10378.973 0.927 0.041 0.786
ML013.jpg WL014.jpg 9934.088 9934.088 0.933 0.038 0.787
ML013.jpg WL015.jpg 9307.961 9307.961 0.934 0.038 0.828
ML013.jpg WL016.jpg 20298.904 20298.904 0.700 0.124 0.611
WL009.jpg image003.jpg 4926.812 4926.812 0.984 0.015 0.885
WL009.jpg image004.jpg 4918.770 4918.770 0.984 0.018 0.883
WL009.jpg image005.jpg 4886.294 4886.294 0.984 0.019 0.885
WL009.jpg image006.jpg 6464.629 6464.629 0.973 0.025 0.841
WL009.jpg image008.jpg 5434.858 5434.858 0.980 0.021 0.873
WL009.jpg image009.jpg 14334.370 14334.370 0.857 0.055 0.742
WL009.jpg image010.jpg 12509.609 12509.609 0.890 0.060 0.743
WL009.jpg image011.jpg 12868.047 12868.047 0.882 0.068 0.725
WL009.jpg image012.jpg 5650.134 5650.134 0.980 0.018 0.865
WL009.jpg image013.jpg 5786.659 5786.659 0.979 0.020 0.860
WL009.jpg image014.jpg 9578.565 9578.565 0.939 0.029 0.817
WL009.jpg image015.jpg 6173.280 6173.280 0.974 0.022 0.861
WL009.jpg image016.jpg 4808.455 4808.455 0.985 0.014 0.885
WL009.jpg image017.jpg 5113.729 5113.729 0.984 0.016 0.878
WL009.jpg image019.jpg 9530.202 9530.202 0.941 0.040 0.792
WL009.jpg image020.jpg 11756.498 11756.498 0.903 0.052 0.764
WL009.jpg image021.jpg 7286.512 7286.512 0.969 0.027 0.823
WL009.jpg image022.jpg 6531.761 6531.761 0.973 0.026 0.846
WL009.jpg image023.jpg 4743.300 4743.300 0.986 0.016 0.884
WL009.jpg image027.jpg 4762.723 4762.723 0.985 0.017 0.900
WL009.jpg image030.jpg 17612.173 17612.173 0.802 0.083 0.681
WL009.jpg image031.jpg 6268.445 6268.445 0.974 0.025 0.853
WL009.jpg image032.jpg 6330.714 6330.714 0.978 0.023 0.848
WL009.jpg image033.jpg 6905.276 6905.276 0.968 0.026 0.865
WL009.jpg image035.jpg 10965.664 10965.664 0.920 0.044 0.777
WL009.jpg image036.jpg 14052.424 14052.424 0.857 0.065 0.727
WL009.jpg image037.jpg 5816.112 5816.112 0.977 0.017 0.866
WL009.jpg image038.jpg 5876.573 5876.573 0.977 0.025 0.854
WL009.jpg image039.jpg 5857.710 5857.710 0.981 0.020 0.860
WL009.jpg image040.jpg 7272.060 7272.060 0.966 0.037 0.819
WL009.jpg image042.jpg 15036.131 15036.131 0.848 0.072 0.696
WL009.jpg image043.jpg 5476.073 5476.073 0.983 0.016 0.875
WL009.jpg image044.jpg 9770.034 9770.034 0.937 0.045 0.785
WL009.jpg image048.jpg 15633.439 15633.439 0.820 0.082 0.696
WL009.jpg image049.jpg 7574.060 7574.060 0.969 0.025 0.832
WL009.jpg image050.jpg 5778.693 5778.693 0.978 0.014 0.873
WL009.jpg image051.jpg 10340.826 10340.826 0.939 0.032 0.796
WL009.jpg image052.jpg 10201.499 10201.499 0.928 0.042 0.796
WL009.jpg image054.jpg 5381.397 5381.397 0.981 0.017 0.876
WL009.jpg image055.jpg 5990.890 5990.890 0.976 0.019 0.883
WL009.jpg image056.jpg 6437.797 6437.797 0.973 0.019 0.863
WL009.jpg image057.jpg 7447.545 7447.545 0.963 0.028 0.835
WL009.jpg image058.jpg 8068.981 8068.981 0.957 0.025 0.844
WL009.jpg image059.jpg 5314.320 5314.320 0.981 0.024 0.871
WL009.jpg image060.jpg 7797.495 7797.495 0.958 0.036 0.832
WL009.jpg image061.jpg 7797.641 7797.641 0.960 0.035 0.822
WL009.jpg image062.jpg 8523.450 8523.450 0.952 0.034 0.808
WL009.jpg image063.jpg 9593.137 9593.137 0.939 0.043 0.785
WL009.jpg image064.jpg 5782.750 5782.750 0.981 0.019 0.875
WL009.jpg image065.jpg 6973.183 6973.183 0.971 0.024 0.847
WL009.jpg image066.jpg 8495.334 8495.334 0.950 0.032 0.823
WL009.jpg image068.jpg 11581.549 11581.549 0.910 0.042 0.767
WL009.jpg image071.jpg 6616.406 6616.406 0.970 0.028 0.847
WL009.jpg image072.jpg 4999.713 4999.713 0.983 0.018 0.897
WL009.jpg image075.jpg 5540.258 5540.258 0.979 0.022 0.870
WL009.jpg image076.jpg 4428.469 4428.469 0.987 0.017 0.890
WL009.jpg image077.jpg 8322.613 8322.613 0.962 0.029 0.811
WL009.jpg image079.jpg 23554.182 23554.182 0.673 0.138 0.587
WL009.jpg image080.jpg 5749.555 5749.555 0.980 0.019 0.862
WL009.jpg image082.jpg 14134.647 14134.647 0.867 0.064 0.714
WL009.jpg image083.jpg 6676.339 6676.339 0.970 0.028 0.839
WL009.jpg image084.jpg 7609.514 7609.514 0.965 0.025 0.835
WL009.jpg image085.jpg 4980.498 4980.498 0.983 0.018 0.879
WL009.jpg image086.jpg 5420.797 5420.797 0.982 0.019 0.865
WL009.jpg image087.jpg 13207.683 13207.683 0.879 0.057 0.739
WL009.jpg image090.jpg 12569.236 12569.236 0.889 0.050 0.763
WL009.jpg image091.jpg 7966.970 7966.970 0.961 0.031 0.823
WL009.jpg image092.jpg 11584.199 11584.199 0.910 0.047 0.769
WL009.jpg image093.jpg 14023.061 14023.061 0.862 0.069 0.721
WL009.jpg image094.jpg 6347.093 6347.093 0.973 0.030 0.845
WL009.jpg image099.jpg 15835.569 15835.569 0.835 0.068 0.701
WL009.jpg image101.jpg 8936.801 8936.801 0.953 0.033 0.807
WL009.jpg image103.jpg 4713.240 4713.240 0.985 0.017 0.885
WL009.jpg image106.jpg 10343.248 10343.248 0.925 0.054 0.771
WL009.jpg image109.jpg 9709.249 9709.249 0.943 0.054 0.779
WL009.jpg image110.jpg 8050.197 8050.197 0.970 0.036 0.817
WL009.jpg image111.jpg 4929.737 4929.737 0.984 0.022 0.872
WL009.jpg image112.jpg 8863.145 8863.145 0.946 0.048 0.794
WL009.jpg image115.jpg 4885.011 4885.011 0.984 0.018 0.900
WL009.jpg image117.jpg 19436.877 19436.877 0.750 0.115 0.623
WL009.jpg image121.jpg 7276.906 7276.906 0.966 0.027 0.834
WL009.jpg image125.jpg 13471.991 13471.991 0.870 0.057 0.743
WL009.jpg image126.jpg 5201.157 5201.157 0.982 0.024 0.862
WL009.jpg image127.jpg 6608.264 6608.264 0.972 0.022 0.856
WL009.jpg image128.jpg 5890.414 5890.414 0.977 0.014 0.878
WL009.jpg image129.jpg 6707.050 6707.050 0.975 0.021 0.855
WL009.jpg image131.jpg 9022.392 9022.392 0.955 0.026 0.829
WL009.jpg image132.jpg 6344.169 6344.169 0.973 0.016 0.872
WL009.jpg image134.jpg 5195.305 5195.305 0.982 0.023 0.872
WL009.jpg image135.jpg 6027.939 6027.939 0.975 0.017 0.864
WL009.jpg image136.jpg 7056.054 7056.054 0.968 0.032 0.837
WL009.jpg image137.jpg 8466.306 8466.306 0.953 0.038 0.820
WL009.jpg image138.jpg 8514.755 8514.755 0.958 0.031 0.816
WL009.jpg image139.jpg 5320.294 5320.294 0.981 0.018 0.870
WL009.jpg image140.jpg 5833.816 5833.816 0.978 0.018 0.877
WL009.jpg MB002.jpg 31542.176 31542.176 0.663 0.229 0.489
WL009.jpg MB003.jpg 17181.957 17181.957 0.873 0.128 0.649
WL009.jpg MB004.jpg 26737.608 26737.608 0.699 0.214 0.520
WL009.jpg MB005.jpg 31965.958 31965.958 0.600 0.217 0.500
WL009.jpg MB006.jpg 26762.719 26762.719 0.717 0.196 0.523
WL009.jpg MB007.jpg 29998.453 29998.453 0.653 0.230 0.485
WL009.jpg MB008.jpg 32126.371 32126.371 0.617 0.226 0.480
WL009.jpg MB009.jpg 30406.173 30406.173 0.681 0.216 0.499
WL009.jpg MB010.jpg 29790.586 29790.586 0.690 0.217 0.502
WL009.jpg MB011.jpg 32053.550 32053.550 0.656 0.229 0.486
WL009.jpg MB012.jpg 29074.540 29074.540 0.674 0.220 0.497
WL009.jpg ML002.jpg 9740.615 9740.615 0.935 0.034 0.809
WL009.jpg ML003.jpg 9602.928 9602.928 0.937 0.045 0.797
WL009.jpg ML004.jpg 11378.136 11378.136 0.909 0.054 0.746
WL009.jpg ML005.jpg 10185.995 10185.995 0.928 0.038 0.795
WL009.jpg ML006.jpg 8348.774 8348.774 0.954 0.038 0.827
WL009.jpg ML007.jpg 9136.906 9136.906 0.944 0.046 0.789
WL009.jpg ML008.jpg 17881.450 17881.450 0.761 0.109 0.628
WL009.jpg ML009.jpg 8847.031 8847.031 0.949 0.034 0.816
WL009.jpg ML010.jpg 10863.723 10863.723 0.917 0.055 0.756
WL009.jpg ML011.jpg 14599.649 14599.649 0.845 0.073 0.696
WL009.jpg ML012.jpg 9365.334 9365.334 0.943 0.042 0.808
WL009.jpg ML013.jpg 9613.950 9613.950 0.936 0.035 0.802
WL009.jpg ML014.jpg 10027.488 10027.488 0.930 0.035 0.794
WL009.jpg ML015.jpg 9216.827 9216.827 0.942 0.030 0.830
WL009.jpg ML016.jpg 8702.568 8702.568 0.954 0.037 0.828